""" Full fit with detection efficiency
    Theta min: 10 deg
       pt min: 50 MeV
"""

err = {
    '0.6' : [2.969, 4.772, 2.619, 2.655, 2.484],
    '0.8' : [3.038, 4.071, 2.478, 2.500, 3.380]
}

corr = {
    '0.6' : [
        [ 1.000,  0.020, -0.078, 0.074,  0.161],
        [ 0.020,  1.000, -0.148, 0.168,  0.414],
        [-0.078, -0.148,  1.000, 0.191, -0.368],
        [ 0.074,  0.168,  0.191, 1.000,  0.328],
        [ 0.161,  0.414, -0.368, 0.328,  1.000]
    ],
    '0.8' : [
        [ 1.000, -0.182,  0.211, -0.224, -0.195],
        [-0.182,  1.000, -0.367,  0.362,  0.644],
        [ 0.211, -0.367,  1.000, -0.296, -0.629],
        [-0.224,  0.362, -0.296,  1.000,  0.596],
        [-0.195,  0.644, -0.629,  0.596,  1.000]
    ]
}

""" Unpolarized full fit """
err = [3.074, 5.362, 5.730, 5.850]
